
      vertex 70.7706 70.6508 0.235221
      vertex 70.683 70.7383 0.246922
      vertex 70.7273 70.694 0.248891
      vertex 70.8433 70.5781 0.165329
      vertex 70.7706 70.6508 0.235221
      vertex 70.81 70.6113 0.206771
      vertex 70.571 70.8504 0.153228
      vertex 70.6023 70.819 0.197539
      vertex 70.6405 70.7809 0.229439
      vertex 70.571 70.8504 0.153228
      vertex 70.6405 70.7809 0.229439
      vertex 70.683 70.7383 0.246922
      vertex 70.8682 70.5532 0.113498
      vertex 70.683 70.7383 0.246922
      vertex 70.7706 70.6508 0.235221
      vertex 70.8682 70.5532 0.113498
      vertex 70.7706 70.6508 0.235221
      vertex 70.8433 70.5781 0.165329
      vertex 70.5484 70.8729 0.0992877
      vertex 70.571 70.8504 0.153228
      vertex 70.683 70.7383 0.246922
      vertex 70.8874 70.534 -0.00785171
      vertex 70.8682 70.5532 0.113498
      vertex 70.8832 70.5382 0.0545363
      vertex 70.5347 70.8867 -0.0235261
      vertex 70.5361 70.8853 0.0391094
      vertex 70.5484 70.8729 0.0992877
      vertex 70.8628 70.5585 -0.12726
      vertex 70.8874 70.534 -0.00785171
      vertex 70.8804 70.5409 -0.0697476
      vertex 70.8628 70.5585 -0.12726
      vertex 70.8682 70.5532 0.113498
      vertex 70.8874 70.534 -0.00785171
      vertex 70.5645 70.8569 -0.140521
      vertex 70.5444 70.877 -0.0846838
      vertex 70.5347 70.8867 -0.0235261
      vertex 70.5645 70.8569 -0.140521
      vertex 70.5484 70.8729 0.0992877
      vertex 70.683 70.7383 0.246922
      vertex 70.5645 70.8569 -0.140521
      vertex 70.5347 70.8867 -0.0235261
      vertex 70.5484 70.8729 0.0992877
      vertex 70.8007 70.6207 -0.215185
      vertex 70.8628 70.5585 -0.12726
      vertex 70.8357 70.5857 -0.176776
      vertex 70.8007 70.6207 -0.215185
      vertex 70.683 70.7383 0.246922
      vertex 70.8682 70.5532 0.113498
      vertex 70.8007 70.6207 -0.215185
      vertex 70.8682 70.5532 0.113498
      vertex 70.8628 70.5585 -0.12726
      vertex 70.8007 70.6207 -0.215185
      vertex 70.5645 70.8569 -0.140521
      vertex 70.683 70.7383 0.246922
      vertex 70.6304 70.7909 -0.222751
      vertex 70.5938 70.8276 -0.187528
      vertex 70.5645 70.8569 -0.140521
      vertex 70.76 70.6614 -0.240073
      vertex 70.6304 70.7909 -0.222751
      vertex 70.5645 70.8569 -0.140521
      vertex 70.76 70.6614 -0.240073
      vertex 70.5645 70.8569 -0.140521
      vertex 70.8007 70.6207 -0.215185
      vertex 70.6721 70.7492 -0.243979
      vertex 70.6304 70.7909 -0.222751
      vertex 70.76 70.6614 -0.240073
      vertex 70.7162 70.7051 -0.249876
      vertex 70.6721 70.7492 -0.243979
      vertex 70.76 70.6614 -0.240073
      vertex 70.8682 70.5532 0.113498
      vertex 0.438789 0.173584 0.165328
      vertex 0.463695 0.148677 0.113498
      vertex 70.8682 70.5532 0.113498
      vertex 70.8433 70.5781 0.165329
      vertex 0.438789 0.173584 0.165328
      vertex 70.8832 70.5382 0.0545363
      vertex 0.463695 0.148677 0.113498
      vertex 0.478706 0.133667 0.0545356
      vertex 70.8832 70.5382 0.0545363
      vertex 70.8682 70.5532 0.113498
      vertex 0.463695 0.148677 0.113498
      vertex 70.8874 70.534 -0.00785171
      vertex 0.478706 0.133667 0.0545356
      vertex 0.482876 0.129497 -0.00785242
      vertex 70.8007 70.6207 -0.215185
      vertex 0.431186 0.181186 -0.176777
      vertex 0.396173 0.216199 -0.215185
      vertex 70.8874 70.534 -0.00785171
      vertex 70.8832 70.5382 0.0545363
      vertex 0.478706 0.133667 0.0545356
      vertex 70.8007 70.6207 -0.215185
      vertex 70.8357 70.5857 -0.176776
      vertex 0.431186 0.181186 -0.176777
      vertex 70.8804 70.5409 -0.0697476
      vertex 0.482876 0.129497 -0.00785242
      vertex 0.475944 0.136429 -0.0697483
      vertex 70.76 70.6614 -0.240073
      vertex 0.396173 0.216199 -0.215185
      vertex 0.355506 0.256867 -0.240073
      vertex 70.8804 70.5409 -0.0697476
      vertex 70.8874 70.534 -0.00785171
      vertex 0.482876 0.129497 -0.00785242
      vertex 70.76 70.6614 -0.240073
      vertex 0.355506 0.256867 -0.240073
      vertex 0.311739 0.300634 -0.249877
      vertex 70.76 70.6614 -0.240073
      vertex 70.8007 70.6207 -0.215185
      vertex 0.396173 0.216199 -0.215185
      vertex 70.8628 70.5585 -0.12726
      vertex 0.475944 0.136429 -0.0697483
      vertex 0.458345 0.154027 -0.127261
      vertex 70.8628 70.5585 -0.12726
      vertex 70.8804 70.5409 -0.0697476
      vertex 0.475944 0.136429 -0.0697483
      vertex 70.7162 70.7051 -0.249876
      vertex 0.311739 0.300634 -0.249877
      vertex 0.267624 0.344749 -0.243979
      vertex 70.7162 70.7051 -0.249876
      vertex 70.76 70.6614 -0.240073
      vertex 0.311739 0.300634 -0.249877
      vertex 70.8357 70.5857 -0.176776
      vertex 0.458345 0.154027 -0.127261
      vertex 0.431186 0.181186 -0.176777
      vertex 70.8357 70.5857 -0.176776
      vertex 70.8628 70.5585 -0.12726
      vertex 0.458345 0.154027 -0.127261
      vertex 70.6721 70.7492 -0.243979
      vertex 0.267624 0.344749 -0.243979
      vertex 0.225931 0.386441 -0.222751
      vertex 70.6721 70.7492 -0.243979
      vertex 70.7162 70.7051 -0.249876
      vertex 0.267624 0.344749 -0.243979
      vertex 70.6304 70.7909 -0.222751
      vertex 0.225931 0.386441 -0.222751
      vertex 0.189282 0.423091 -0.187528
      vertex 70.6304 70.7909 -0.222751
      vertex 70.6721 70.7492 -0.243979
      vertex 0.225931 0.386441 -0.222751
      vertex 70.5938 70.8276 -0.187528
      vertex 0.189282 0.423091 -0.187528
      vertex 0.159978 0.452395 -0.140521
      vertex 70.5938 70.8276 -0.187528
      vertex 70.6304 70.7909 -0.222751
      vertex 0.189282 0.423091 -0.187528
      vertex 70.5645 70.8569 -0.140521
      vertex 0.159978 0.452395 -0.140521
      vertex 0.13986 0.472512 -0.0846845
      vertex 70.5645 70.8569 -0.140521
      vertex 70.5938 70.8276 -0.187528
      vertex 0.159978 0.452395 -0.140521
      vertex 70.5444 70.877 -0.0846838
      vertex 0.13986 0.472512 -0.0846845
      vertex 0.130194 0.482178 -0.0235269
      vertex 70.5444 70.877 -0.0846838
      vertex 70.5645 70.8569 -0.140521
      vertex 0.13986 0.472512 -0.0846845
      vertex 70.5347 70.8867 -0.0235261
      vertex 0.130194 0.482178 -0.0235269
      vertex 0.131586 0.480786 0.0391087
      vertex 70.5347 70.8867 -0.0235261
      vertex 70.5444 70.877 -0.0846838
      vertex 0.130194 0.482178 -0.0235269
      vertex 70.5361 70.8853 0.0391094
      vertex 0.131586 0.480786 0.0391087
      vertex 0.143949 0.468424 0.099287
      vertex 70.5361 70.8853 0.0391094
      vertex 70.5347 70.8867 -0.0235261
      vertex 0.131586 0.480786 0.0391087
      vertex 70.5484 70.8729 0.0992877
      vertex 70.5361 70.8853 0.0391094
      vertex 0.143949 0.468424 0.099287
      vertex 70.571 70.8504 0.153228
      vertex 70.5484 70.8729 0.0992877
      vertex 0.143949 0.468424 0.099287
      vertex 70.571 70.8504 0.153228
      vertex 0.143949 0.468424 0.099287
      vertex 0.166505 0.445867 0.153227
      vertex 70.6023 70.819 0.197539
      vertex 70.571 70.8504 0.153228
      vertex 0.166505 0.445867 0.153227
      vertex 70.6023 70.819 0.197539
      vertex 0.166505 0.445867 0.153227
      vertex 0.197838 0.414534 0.197539
      vertex 70.6405 70.7809 0.229439
      vertex 70.6023 70.819 0.197539
      vertex 0.197838 0.414534 0.197539
      vertex 70.6405 70.7809 0.229439
      vertex 0.197838 0.414534 0.197539
      vertex 0.23598 0.376393 0.229438
      vertex 70.683 70.7383 0.246922
      vertex 70.6405 70.7809 0.229439
      vertex 0.23598 0.376393 0.229438
      vertex 70.683 70.7383 0.246922
      vertex 0.23598 0.376393 0.229438
      vertex 0.278532 0.33384 0.246922
      vertex 70.7273 70.694 0.248891
      vertex 70.683 70.7383 0.246922
      vertex 0.278532 0.33384 0.246922
      vertex 70.7273 70.694 0.248891
      vertex 0.278532 0.33384 0.246922
      vertex 0.322822 0.28955 0.24889
      vertex 70.7706 70.6508 0.235221
      vertex 0.322822 0.28955 0.24889
      vertex 0.366067 0.246305 0.23522
      vertex 70.7706 70.6508 0.235221
      vertex 70.7273 70.694 0.248891
      vertex 0.322822 0.28955 0.24889
      vertex 70.81 70.6113 0.206771
      vertex 0.366067 0.246305 0.23522
      vertex 0.40555 0.206823 0.20677
      vertex 70.81 70.6113 0.206771
      vertex 70.7706 70.6508 0.235221
      vertex 0.366067 0.246305 0.23522
      vertex 70.8433 70.5781 0.165329
      vertex 0.40555 0.206823 0.20677
      vertex 0.438789 0.173584 0.165328
      vertex 70.8433 70.5781 0.165329
      vertex 70.81 70.6113 0.206771
      vertex 0.40555 0.206823 0.20677
      vertex 0.396173 0.216199 -0.215185
      vertex 0.431186 0.181186 -0.176777
      vertex 0.426776 0.0732232 -0.25
      vertex 0.355506 0.256867 -0.240073
      vertex 0.396173 0.216199 -0.215185
      vertex 0.426776 0.0732232 -0.25
      vertex 0.458345 0.154027 -0.127261
      vertex 0.475944 0.136429 -0.0697483
      vertex 0.426776 0.0732232 -0.25
      vertex 0.431186 0.181186 -0.176777
      vertex 0.458345 0.154027 -0.127261
      vertex 0.426776 0.0732232 -0.25
      vertex -0.263249 -0.377608 -0.195224
      vertex -0.181186 -0.431186 -0.176777
      vertex -0.276801 -0.406211 -0.0915067
      vertex -0.157162 -0.297358 -0.369971
      vertex 0.0397298 -0.393283 -0.306186
      vertex -0.0732232 -0.426776 -0.25
      vertex 0.0944908 -0.277504 -0.405047
      vertex 0.149975 -0.332988 -0.341506
      vertex 0.0397298 -0.393283 -0.306186
      vertex 0.0944908 -0.277504 -0.405047
      vertex 0.25 -0.25 -0.353553
      vertex 0.149975 -0.332988 -0.341506
      vertex -0.0380832 -0.14493 -0.477016
      vertex 0.25 -0.25 -0.353553
      vertex 0.0944908 -0.277504 -0.405047
      vertex -0.0380832 -0.14493 -0.477016
      vertex 0.0944908 -0.277504 -0.405047
      vertex 0.0397298 -0.393283 -0.306186
      vertex -0.0380832 -0.14493 -0.477016
      vertex -0.157162 -0.297358 -0.369971
      vertex -0.297358 -0.157162 -0.369971
      vertex -0.0380832 -0.14493 -0.477016
      vertex 0.0397298 -0.393283 -0.306186
      vertex -0.157162 -0.297358 -0.369971
      vertex -0.418771 -0.0357489 -0.270837
      vertex -0.297358 -0.157162 -0.369971
      vertex -0.377608 -0.263249 -0.195224
      vertex -0.418771 -0.0357489 -0.270837
      vertex -0.377608 -0.263249 -0.195224
      vertex -0.458473 -0.182384 -0.080864
      vertex -0.179895 -0.00311819 -0.466506
      vertex -0.0380832 -0.14493 -0.477016
      vertex -0.297358 -0.157162 -0.369971
      vertex 0.186171 -0.0633832 -0.459699
      vertex 0.25 -0.25 -0.353553
      vertex -0.0380832 -0.14493 -0.477016
      vertex 0.186171 -0.0633832 -0.459699
      vertex 0.332988 -0.149975 -0.341506
      vertex 0.25 -0.25 -0.353553
      vertex 0.186171 -0.0633832 -0.459699
      vertex 0.393283 -0.0397298 -0.306186
      vertex 0.332988 -0.149975 -0.341506
      vertex -0.306424 0.12341 -0.375332
      vertex -0.297358 -0.157162 -0.369971
      vertex -0.418771 -0.0357489 -0.270837
      vertex -0.306424 0.12341 -0.375332
      vertex -0.179895 -0.00311819 -0.466506
      vertex -0.297358 -0.157162 -0.369971
      vertex 0.0431713 0.0796163 -0.491728
      vertex -0.0380832 -0.14493 -0.477016
      vertex -0.179895 -0.00311819 -0.466506
      vertex 0.0431713 0.0796163 -0.491728
      vertex 0.186171 -0.0633832 -0.459699
      vertex -0.0380832 -0.14493 -0.477016
      vertex -0.395791 0.212778 -0.21926
      vertex -0.306424 0.12341 -0.375332
      vertex -0.418771 -0.0357489 -0.270837
      vertex -0.395791 0.212778 -0.21926
      vertex -0.418771 -0.0357489 -0.270837
      vertex -0.488869 0.0343491 -0.0991335
      vertex 0.352618 0.0529612 -0.350508
      vertex 0.393283 -0.0397298 -0.306186
      vertex 0.186171 -0.0633832 -0.459699
      vertex 0.352618 0.0529612 -0.350508
      vertex 0.426776 0.0732232 -0.25
      vertex 0.393283 -0.0397298 -0.306186
      vertex 0.352618 0.0529612 -0.350508
      vertex 0.355506 0.256867 -0.240073
      vertex 0.426776 0.0732232 -0.25
      vertex -0.0966777 0.219465 -0.438735
      vertex -0.179895 -0.00311819 -0.466506
      vertex -0.306424 0.12341 -0.375332
      vertex -0.0966777 0.219465 -0.438735
      vertex 0.0431713 0.0796163 -0.491728
      vertex -0.179895 -0.00311819 -0.466506
      vertex -0.418771 -0.0357489 0.270837
      vertex -0.488869 0.0343491 0.0991335
      vertex -0.458473 -0.182384 0.080864
      vertex -0.418771 -0.0357489 0.270837
      vertex -0.458473 -0.182384 0.080864
      vertex -0.377608 -0.263249 0.195224
      vertex -0.432545 0.249531 -0.0252762
      vertex -0.395791 0.212778 -0.21926
      vertex -0.488869 0.0343491 -0.0991335
      vertex -0.432545 0.249531 -0.0252762
      vertex -0.488869 0.0343491 -0.0991335
      vertex -0.488869 0.0343491 0.0991335
      vertex 0.220276 0.185303 -0.408829
      vertex 0.311739 0.300634 -0.249877
      vertex 0.355506 0.256867 -0.240073
      vertex 0.220276 0.185303 -0.408829
      vertex 0.267624 0.344749 -0.243979
      vertex 0.311739 0.300634 -0.249877
      vertex 0.220276 0.185303 -0.408829
      vertex 0.355506 0.256867 -0.240073
      vertex 0.352618 0.0529612 -0.350508
      vertex 0.220276 0.185303 -0.408829
      vertex 0.352618 0.0529612 -0.350508
      vertex 0.186171 -0.0633832 -0.459699
      vertex 0.220276 0.185303 -0.408829
      vertex 0.186171 -0.0633832 -0.459699
      vertex 0.0431713 0.0796163 -0.491728
      vertex -0.209194 0.331982 -0.30988
      vertex -0.306424 0.12341 -0.375332
      vertex -0.395791 0.212778 -0.21926
      vertex -0.209194 0.331982 -0.30988
      vertex -0.0966777 0.219465 -0.438735
      vertex -0.306424 0.12341 -0.375332
      vertex -0.410331 0.227317 0.173079
      vertex -0.488869 0.0343491 0.0991335
      vertex -0.418771 -0.0357489 0.270837
      vertex -0.410331 0.227317 0.173079
      vertex -0.432545 0.249531 -0.0252762
      vertex -0.488869 0.0343491 0.0991335
      vertex -0.274924 0.397712 -0.127443
      vertex -0.395791 0.212778 -0.21926
      vertex -0.432545 0.249531 -0.0252762
      vertex -0.274924 0.397712 -0.127443
      vertex -0.209194 0.331982 -0.30988
      vertex -0.395791 0.212778 -0.21926
      vertex 0.0839287 0.321651 -0.373492
      vertex 0.225931 0.386441 -0.222751
      vertex 0.267624 0.344749 -0.243979
      vertex 0.0839287 0.321651 -0.373492
      vertex 0.189282 0.423091 -0.187528
      vertex 0.225931 0.386441 -0.222751
      vertex 0.0839287 0.321651 -0.373492
      vertex 0.0431713 0.0796163 -0.491728
      vertex -0.0966777 0.219465 -0.438735
      vertex 0.0839287 0.321651 -0.373492
      vertex 0.267624 0.344749 -0.243979
      vertex 0.220276 0.185303 -0.408829
      vertex 0.0839287 0.321651 -0.373492
      vertex 0.220276 0.185303 -0.408829
      vertex 0.0431713 0.0796163 -0.491728
      vertex -0.332988 0.149975 0.341506
      vertex -0.410331 0.227317 0.173079
      vertex -0.418771 -0.0357489 0.270837
      vertex -0.282502 0.405289 0.0770287
      vertex -0.432545 0.249531 -0.0252762
      vertex -0.410331 0.227317 0.173079
      vertex -0.282502 0.405289 0.0770287
      vertex -0.274924 0.397712 -0.127443
      vertex -0.432545 0.249531 -0.0252762
      vertex -0.0251898 0.430769 -0.252593
      vertex 0.159978 0.452395 -0.140521
      vertex 0.189282 0.423091 -0.187528
      vertex -0.0251898 0.430769 -0.252593
      vertex 0.13986 0.472512 -0.0846845
      vertex 0.159978 0.452395 -0.140521
      vertex -0.0251898 0.430769 -0.252593
      vertex 0.0839287 0.321651 -0.373492
      vertex -0.0966777 0.219465 -0.438735
      vertex -0.0251898 0.430769 -0.252593
      vertex 0.189282 0.423091 -0.187528
      vertex 0.0839287 0.321651 -0.373492
      vertex -0.0251898 0.430769 -0.252593
      vertex -0.0966777 0.219465 -0.438735
      vertex -0.209194 0.331982 -0.30988
      vertex -0.0251898 0.430769 -0.252593
      vertex -0.209194 0.331982 -0.30988
      vertex -0.274924 0.397712 -0.127443
      vertex -0.213892 0.0308783 0.450885
      vertex -0.418771 -0.0357489 0.270837
      vertex -0.297358 -0.157162 0.369971
      vertex -0.213892 0.0308783 0.450885
      vertex -0.332988 0.149975 0.341506
      vertex -0.418771 -0.0357489 0.270837
      vertex -0.0357489 -0.418771 0.270837
      vertex -0.263249 -0.377608 0.195224
      vertex -0.182384 -0.458473 0.080864
      vertex -0.0357489 -0.418771 0.270837
      vertex -0.157162 -0.297358 0.369971
      vertex -0.263249 -0.377608 0.195224
      vertex -0.230617 0.353404 0.268182
      vertex -0.410331 0.227317 0.173079
      vertex -0.332988 0.149975 0.341506
      vertex -0.230617 0.353404 0.268182
      vertex -0.282502 0.405289 0.0770287
      vertex -0.410331 0.227317 0.173079
      vertex -0.0820803 0.48766 -0.0738276
      vertex 0.130194 0.482178 -0.0235269
      vertex 0.13986 0.472512 -0.0846845
      vertex -0.0820803 0.48766 -0.0738276
      vertex 0.131586 0.480786 0.0391087
      vertex 0.130194 0.482178 -0.0235269
      vertex -0.0820803 0.48766 -0.0738276
      vertex 0.13986 0.472512 -0.0846845
      vertex -0.0251898 0.430769 -0.252593
      vertex -0.0820803 0.48766 -0.0738276
      vertex -0.274924 0.397712 -0.127443
      vertex -0.282502 0.405289 0.0770287
      vertex -0.0820803 0.48766 -0.0738276
      vertex -0.0251898 0.430769 -0.252593
      vertex -0.274924 0.397712 -0.127443
      vertex -0.0736337 -0.10938 0.482301
      vertex -0.297358 -0.157162 0.369971
      vertex -0.157162 -0.297358 0.369971
      vertex -0.0736337 -0.10938 0.482301
      vertex -0.213892 0.0308783 0.450885
      vertex -0.297358 -0.157162 0.369971
      vertex -0.182384 -0.458473 -0.080864
      vertex -0.276801 -0.406211 -0.0915067
      vertex -0.181186 -0.431186 -0.176777
      vertex -0.182384 -0.458473 -0.080864
      vertex -0.181186 -0.431186 -0.176777
      vertex -0.0732232 -0.426776 -0.25
      vertex -0.12824 0.251027 0.412965
      vertex -0.332988 0.149975 0.341506
      vertex -0.213892 0.0308783 0.450885
      vertex -0.12824 0.251027 0.412965
      vertex -0.230617 0.353404 0.268182
      vertex -0.332988 0.149975 0.341506
      vertex 0.0635338 -0.246547 0.430323
      vertex -0.157162 -0.297358 0.369971
      vertex -0.0357489 -0.418771 0.270837
      vertex 0.0635338 -0.246547 0.430323
      vertex -0.0736337 -0.10938 0.482301
      vertex -0.157162 -0.297358 0.369971
      vertex -0.0737108 0.47929 0.121851
      vertex 0.143949 0.468424 0.099287
      vertex 0.131586 0.480786 0.0391087
      vertex -0.0737108 0.47929 0.121851
      vertex 0.166505 0.445867 0.153227
      vertex 0.143949 0.468424 0.099287
      vertex -0.0737108 0.47929 0.121851
      vertex 0.131586 0.480786 0.0391087
      vertex -0.0820803 0.48766 -0.0738276
      vertex -0.0737108 0.47929 0.121851
      vertex -0.282502 0.405289 0.0770287
      vertex -0.230617 0.353404 0.268182
      vertex -0.0737108 0.47929 0.121851
      vertex -0.0820803 0.48766 -0.0738276
      vertex -0.282502 0.405289 0.0770287
      vertex 0.00692634 0.115861 0.486342
      vertex -0.213892 0.0308783 0.450885
      vertex -0.0736337 -0.10938 0.482301
      vertex 0.00692634 0.115861 0.486342
      vertex -0.12824 0.251027 0.412965
      vertex -0.213892 0.0308783 0.450885
      vertex 0.173893 -0.356907 0.303939
      vertex 0.0635338 -0.246547 0.430323
      vertex -0.0357489 -0.418771 0.270837
      vertex 0.173893 -0.356907 0.303939
      vertex -0.0357489 -0.418771 0.270837
      vertex 0.0343491 -0.488869 0.0991335
      vertex 0.0343491 -0.488869 -0.0991335
      vertex -0.182384 -0.458473 -0.080864
      vertex -0.0732232 -0.426776 -0.25
      vertex 0.0343491 -0.488869 -0.0991335
      vertex -0.0732232 -0.426776 -0.25
      vertex 0.0397298 -0.393283 -0.306186
      vertex -0.00199826 0.407578 0.289614
      vertex -0.230617 0.353404 0.268182
      vertex -0.12824 0.251027 0.412965
      vertex -0.00199826 0.407578 0.289614
      vertex 0.197838 0.414534 0.197539
      vertex 0.166505 0.445867 0.153227
      vertex -0.00199826 0.407578 0.289614
      vertex 0.166505 0.445867 0.153227
      vertex -0.0737108 0.47929 0.121851
      vertex -0.00199826 0.407578 0.289614
      vertex -0.0737108 0.47929 0.121851
      vertex -0.230617 0.353404 0.268182
      vertex 0.15151 -0.0287222 0.475625
      vertex 0.00692634 0.115861 0.486342
      vertex -0.0736337 -0.10938 0.482301
      vertex 0.15151 -0.0287222 0.475625
      vertex -0.0736337 -0.10938 0.482301
      vertex 0.0635338 -0.246547 0.430323
      vertex 0.238363 -0.421376 0.125
      vertex 0.173893 -0.356907 0.303939
      vertex 0.0343491 -0.488869 0.0991335
      vertex 0.116628 0.288951 0.391031
      vertex -0.00199826 0.407578 0.289614
      vertex -0.12824 0.251027 0.412965
      vertex 0.116628 0.288951 0.391031
      vertex 0.23598 0.376393 0.229438
      vertex 0.197838 0.414534 0.197539
      vertex 0.116628 0.288951 0.391031
      vertex 0.278532 0.33384 0.246922
      vertex 0.23598 0.376393 0.229438
      vertex 0.116628 0.288951 0.391031
      vertex -0.12824 0.251027 0.412965
      vertex 0.00692634 0.115861 0.486342
      vertex 0.116628 0.288951 0.391031
      vertex 0.197838 0.414534 0.197539
      vertex -0.00199826 0.407578 0.289614
      vertex 0.280512 -0.157724 0.382669
      vertex 0.15151 -0.0287222 0.475625
      vertex 0.0635338 -0.246547 0.430323
      vertex 0.280512 -0.157724 0.382669
      vertex 0.0635338 -0.246547 0.430323
      vertex 0.173893 -0.356907 0.303939
      vertex 0.245795 -0.428808 -0.0755522
      vertex 0.0343491 -0.488869 0.0991335
      vertex 0.0343491 -0.488869 -0.0991335
      vertex 0.245795 -0.428808 -0.0755522
      vertex 0.0343491 -0.488869 -0.0991335
      vertex 0.0397298 -0.393283 -0.306186
      vertex 0.245795 -0.428808 -0.0755522
      vertex 0.238363 -0.421376 0.125
      vertex 0.0343491 -0.488869 0.0991335
      vertex 0.254994 0.150586 0.402867
      vertex 0.00692634 0.115861 0.486342
      vertex 0.15151 -0.0287222 0.475625
      vertex 0.254994 0.150586 0.402867
      vertex 0.322822 0.28955 0.24889
      vertex 0.278532 0.33384 0.246922
      vertex 0.254994 0.150586 0.402867
      vertex 0.366067 0.246305 0.23522
      vertex 0.322822 0.28955 0.24889
      vertex 0.254994 0.150586 0.402867
      vertex 0.116628 0.288951 0.391031
      vertex 0.00692634 0.115861 0.486342
      vertex 0.254994 0.150586 0.402867
      vertex 0.278532 0.33384 0.246922
      vertex 0.116628 0.288951 0.391031
      vertex 0.371626 -0.248839 0.223547
      vertex 0.280512 -0.157724 0.382669
      vertex 0.173893 -0.356907 0.303939
      vertex 0.371626 -0.248839 0.223547
      vertex 0.173893 -0.356907 0.303939
      vertex 0.238363 -0.421376 0.125
      vertex 0.194905 -0.377918 -0.26304
      vertex 0.25 -0.25 -0.353553
      vertex 0.245795 -0.428808 -0.0755522
      vertex 0.194905 -0.377918 -0.26304
      vertex 0.0397298 -0.393283 -0.306186
      vertex 0.149975 -0.332988 -0.341506
      vertex 0.194905 -0.377918 -0.26304
      vertex 0.149975 -0.332988 -0.341506
      vertex 0.25 -0.25 -0.353553
      vertex 0.194905 -0.377918 -0.26304
      vertex 0.245795 -0.428808 -0.0755522
      vertex 0.0397298 -0.393283 -0.306186
      vertex 0.409098 -0.286311 0.0257705
      vertex 0.238363 -0.421376 0.125
      vertex 0.245795 -0.428808 -0.0755522
      vertex 0.409098 -0.286311 0.0257705
      vertex 0.371626 -0.248839 0.223547
      vertex 0.238363 -0.421376 0.125
      vertex 0.3814 0.0241792 0.322412
      vertex 0.40555 0.206823 0.20677
      vertex 0.366067 0.246305 0.23522
      vertex 0.3814 0.0241792 0.322412
      vertex 0.438789 0.173584 0.165328
      vertex 0.40555 0.206823 0.20677
      vertex 0.3814 0.0241792 0.322412
      vertex 0.15151 -0.0287222 0.475625
      vertex 0.280512 -0.157724 0.382669
      vertex 0.3814 0.0241792 0.322412
      vertex 0.254994 0.150586 0.402867
      vertex 0.15151 -0.0287222 0.475625
      vertex 0.3814 0.0241792 0.322412
      vertex 0.366067 0.246305 0.23522
      vertex 0.254994 0.150586 0.402867
      vertex 0.3814 0.0241792 0.322412
      vertex 0.280512 -0.157724 0.382669
      vertex 0.371626 -0.248839 0.223547
      vertex 0.38645 -0.263662 -0.176461
      vertex 0.245795 -0.428808 -0.0755522
      vertex 0.25 -0.25 -0.353553
      vertex 0.38645 -0.263662 -0.176461
      vertex 0.25 -0.25 -0.353553
      vertex 0.332988 -0.149975 -0.341506
      vertex 0.38645 -0.263662 -0.176461
      vertex 0.332988 -0.149975 -0.341506
      vertex 0.393283 -0.0397298 -0.306186
      vertex 0.38645 -0.263662 -0.176461
      vertex 0.409098 -0.286311 0.0257705
      vertex 0.245795 -0.428808 -0.0755522
      vertex 0.466889 -0.0613093 0.168095
      vertex 0.463695 0.148677 0.113498
      vertex 0.438789 0.173584 0.165328
      vertex 0.466889 -0.0613093 0.168095
      vertex 0.478706 0.133667 0.0545356
      vertex 0.463695 0.148677 0.113498
      vertex 0.466889 -0.0613093 0.168095
      vertex 0.438789 0.173584 0.165328
      vertex 0.3814 0.0241792 0.322412
      vertex 0.466889 -0.0613093 0.168095
      vertex 0.371626 -0.248839 0.223547
      vertex 0.409098 -0.286311 0.0257705
      vertex 0.466889 -0.0613093 0.168095
      vertex 0.3814 0.0241792 0.322412
      vertex 0.371626 -0.248839 0.223547
      vertex 0.491875 -0.0862958 -0.0247296
      vertex 0.482876 0.129497 -0.00785242
      vertex 0.478706 0.133667 0.0545356
      vertex 0.491875 -0.0862958 -0.0247296
      vertex 0.475944 0.136429 -0.0697483
      vertex 0.482876 0.129497 -0.00785242
      vertex 0.491875 -0.0862958 -0.0247296
      vertex 0.478706 0.133667 0.0545356
      vertex 0.466889 -0.0613093 0.168095
      vertex 0.491875 -0.0862958 -0.0247296
      vertex 0.409098 -0.286311 0.0257705
      vertex 0.38645 -0.263662 -0.176461
      vertex 0.491875 -0.0862958 -0.0247296
      vertex 0.466889 -0.0613093 0.168095
      vertex 0.409098 -0.286311 0.0257705
      vertex 0.450636 -0.0450568 -0.211889
      vertex 0.393283 -0.0397298 -0.306186
      vertex 0.426776 0.0732232 -0.25
      vertex 0.450636 -0.0450568 -0.211889
      vertex 0.426776 0.0732232 -0.25
      vertex 0.475944 0.136429 -0.0697483
      vertex 0.450636 -0.0450568 -0.211889
      vertex 0.475944 0.136429 -0.0697483
      vertex 0.491875 -0.0862958 -0.0247296
      vertex 0.450636 -0.0450568 -0.211889
      vertex 0.38645 -0.263662 -0.176461
      vertex 0.393283 -0.0397298 -0.306186
      vertex 0.450636 -0.0450568 -0.211889
      vertex 0.491875 -0.0862958 -0.0247296
      vertex 0.38645 -0.263662 -0.176461
      vertex -0.330244 -0.360101 -0.10614
      vertex -0.276801 -0.406211 -0.0915067
      vertex -0.353553 -0.353553 -3.53553e-09
      vertex -0.330244 -0.360101 -0.10614
      vertex -0.263249 -0.377608 -0.195224
      vertex -0.276801 -0.406211 -0.0915067
      vertex -0.360101 -0.330244 -0.10614
      vertex -0.377608 -0.263249 -0.195224
      vertex -0.263249 -0.377608 -0.195224
      vertex -0.360101 -0.330244 -0.10614
      vertex -0.263249 -0.377608 -0.195224
      vertex -0.330244 -0.360101 -0.10614
      vertex -0.387686 -0.302659 -0.0899815
      vertex -0.377608 -0.263249 -0.195224
      vertex -0.360101 -0.330244 -0.10614
      vertex -0.387686 -0.302659 -0.0899815
      vertex -0.458473 -0.182384 -0.080864
      vertex -0.377608 -0.263249 -0.195224
      vertex -0.266416 -0.29457 -0.303729
      vertex -0.181186 -0.431186 -0.176777
      vertex -0.263249 -0.377608 -0.195224
      vertex -0.266416 -0.29457 -0.303729
      vertex -0.263249 -0.377608 -0.195224
      vertex -0.377608 -0.263249 -0.195224
      vertex -0.266416 -0.29457 -0.303729
      vertex -0.157162 -0.297358 -0.369971
      vertex -0.0732232 -0.426776 -0.25
      vertex -0.266416 -0.29457 -0.303729
      vertex -0.0732232 -0.426776 -0.25
      vertex -0.181186 -0.431186 -0.176777
      vertex -0.266416 -0.29457 -0.303729
      vertex -0.297358 -0.157162 -0.369971
      vertex -0.157162 -0.297358 -0.369971
      vertex -0.266416 -0.29457 -0.303729
      vertex -0.377608 -0.263249 -0.195224
      vertex -0.297358 -0.157162 -0.369971
      vertex -0.495262 -0.065724 -0.0199079
      vertex -0.458473 -0.182384 0.080864
      vertex -0.488869 0.0343491 0.0991335
      vertex -0.495262 -0.065724 -0.0199079
      vertex -0.418771 -0.0357489 -0.270837
      vertex -0.458473 -0.182384 -0.080864
      vertex -0.495262 -0.065724 -0.0199079
      vertex -0.488869 0.0343491 0.0991335
      vertex -0.488869 0.0343491 -0.0991335
      vertex -0.495262 -0.065724 -0.0199079
      vertex -0.458473 -0.182384 -0.080864
      vertex -0.458473 -0.182384 0.080864
      vertex -0.495262 -0.065724 -0.0199079
      vertex -0.488869 0.0343491 -0.0991335
      vertex -0.418771 -0.0357489 -0.270837
      vertex -0.29457 -0.266416 0.303729
      vertex -0.263249 -0.377608 0.195224
      vertex -0.157162 -0.297358 0.369971
      vertex -0.29457 -0.266416 0.303729
      vertex -0.377608 -0.263249 0.195224
      vertex -0.263249 -0.377608 0.195224
      vertex -0.29457 -0.266416 0.303729
      vertex -0.297358 -0.157162 0.369971
      vertex -0.418771 -0.0357489 0.270837
      vertex -0.29457 -0.266416 0.303729
      vertex -0.157162 -0.297358 0.369971
      vertex -0.297358 -0.157162 0.369971
      vertex -0.29457 -0.266416 0.303729
      vertex -0.418771 -0.0357489 0.270837
      vertex -0.377608 -0.263249 0.195224
      vertex -0.281546 -0.408799 0.0601232
      vertex -0.182384 -0.458473 0.080864
      vertex -0.263249 -0.377608 0.195224
      vertex -0.281546 -0.408799 0.0601232
      vertex -0.263249 -0.377608 0.195224
      vertex -0.302659 -0.387686 0.0899815
      vertex -0.27012 -0.420225 0.0211121
      vertex -0.182384 -0.458473 0.080864
      vertex -0.281546 -0.408799 0.0601232
      vertex -0.27012 -0.420225 -0.0211121
      vertex -0.182384 -0.458473 -0.080864
      vertex -0.182384 -0.458473 0.080864
      vertex -0.27012 -0.420225 -0.0211121
      vertex -0.276801 -0.406211 -0.0915067
      vertex -0.182384 -0.458473 -0.080864
      vertex -0.27012 -0.420225 -0.0211121
      vertex -0.353553 -0.353553 -3.53553e-09
      vertex -0.276801 -0.406211 -0.0915067
      vertex -0.27012 -0.420225 -0.0211121
      vertex -0.182384 -0.458473 0.080864
      vertex -0.27012 -0.420225 0.0211121
      vertex -0.065724 -0.495262 0.0199079
      vertex -0.182384 -0.458473 0.080864
      vertex -0.182384 -0.458473 -0.080864
      vertex -0.065724 -0.495262 0.0199079
      vertex -0.182384 -0.458473 -0.080864
      vertex 0.0343491 -0.488869 -0.0991335
      vertex -0.065724 -0.495262 0.0199079
      vertex 0.0343491 -0.488869 -0.0991335
      vertex 0.0343491 -0.488869 0.0991335
      vertex -0.065724 -0.495262 0.0199079
      vertex -0.0357489 -0.418771 0.270837
      vertex -0.182384 -0.458473 0.080864
      vertex -0.065724 -0.495262 0.0199079
      vertex 0.0343491 -0.488869 0.0991335
      vertex -0.0357489 -0.418771 0.270837
      vertex -0.347679 -0.355225 -0.0541715
      vertex -0.330244 -0.360101 -0.10614
      vertex -0.353553 -0.353553 -3.53553e-09
      vertex -0.347679 -0.355225 -0.0541715
      vertex -0.360101 -0.330244 -0.10614
      vertex -0.330244 -0.360101 -0.10614
      vertex -0.347679 -0.355225 -0.0541715
      vertex -0.387686 -0.302659 -0.0899815
      vertex -0.360101 -0.330244 -0.10614
      vertex -0.397162 -0.30248 -0.0277313
      vertex -0.387686 -0.302659 -0.0899815
      vertex -0.347679 -0.355225 -0.0541715
      vertex -0.389757 -0.313147 -0.00533583
      vertex -0.397162 -0.30248 -0.0277313
      vertex -0.347679 -0.355225 -0.0541715
      vertex -0.389757 -0.313147 -0.00533583
      vertex -0.347679 -0.355225 -0.0541715
      vertex -0.353553 -0.353553 -3.53553e-09
      vertex -0.443543 -0.226038 -0.0466542
      vertex -0.397162 -0.30248 -0.0277313
      vertex -0.389757 -0.313147 -0.00533583
      vertex -0.443543 -0.226038 -0.0466542
      vertex -0.389757 -0.313147 -0.00533583
      vertex -0.458473 -0.182384 0.080864
      vertex -0.443543 -0.226038 -0.0466542
      vertex -0.458473 -0.182384 0.080864
      vertex -0.458473 -0.182384 -0.080864
      vertex -0.443543 -0.226038 -0.0466542
      vertex -0.458473 -0.182384 -0.080864
      vertex -0.387686 -0.302659 -0.0899815
      vertex -0.443543 -0.226038 -0.0466542
      vertex -0.387686 -0.302659 -0.0899815
      vertex -0.397162 -0.30248 -0.0277313
      vertex -0.408799 -0.281546 0.0601232
      vertex -0.458473 -0.182384 0.080864
      vertex -0.389757 -0.313147 -0.00533583
      vertex -0.408799 -0.281546 0.0601232
      vertex -0.377608 -0.263249 0.195224
      vertex -0.458473 -0.182384 0.080864
      vertex -0.36778 -0.301801 0.153799
      vertex -0.263249 -0.377608 0.195224
      vertex -0.377608 -0.263249 0.195224
      vertex -0.313147 -0.389757 0.00533582
      vertex -0.281546 -0.408799 0.0601232
      vertex -0.302659 -0.387686 0.0899815
      vertex -0.313147 -0.389757 0.00533582
      vertex -0.27012 -0.420225 0.0211121
      vertex -0.281546 -0.408799 0.0601232
      vertex -0.313147 -0.389757 -0.00533583
      vertex -0.27012 -0.420225 0.0211121
      vertex -0.313147 -0.389757 0.00533582
      vertex -0.313147 -0.389757 -0.00533583
      vertex -0.313147 -0.389757 0.00533582
      vertex -0.353553 -0.353553 -3.53553e-09
      vertex -0.313147 -0.389757 -0.00533583
      vertex -0.353553 -0.353553 -3.53553e-09
      vertex -0.27012 -0.420225 -0.0211121
      vertex -0.313147 -0.389757 -0.00533583
      vertex -0.27012 -0.420225 -0.0211121
      vertex -0.27012 -0.420225 0.0211121
      vertex -0.37844 -0.319223 0.06986
      vertex -0.408799 -0.281546 0.0601232
      vertex -0.389757 -0.313147 -0.00533583
      vertex -0.37844 -0.319223 0.06986
      vertex -0.377608 -0.263249 0.195224
      vertex -0.408799 -0.281546 0.0601232
      vertex -0.37844 -0.319223 0.06986
      vertex -0.36778 -0.301801 0.153799
      vertex -0.377608 -0.263249 0.195224
      vertex -0.355225 -0.347679 0.0541714
      vertex -0.313147 -0.389757 0.00533582
      vertex -0.302659 -0.387686 0.0899815
      vertex -0.355225 -0.347679 0.0541714
      vertex -0.389757 -0.313147 -0.00533583
      vertex -0.353553 -0.353553 -3.53553e-09
      vertex -0.355225 -0.347679 0.0541714
      vertex -0.263249 -0.377608 0.195224
      vertex -0.36778 -0.301801 0.153799
      vertex -0.355225 -0.347679 0.0541714
      vertex -0.353553 -0.353553 -3.53553e-09
      vertex -0.313147 -0.389757 0.00533582
      vertex -0.355225 -0.347679 0.0541714
      vertex -0.36778 -0.301801 0.153799
      vertex -0.37844 -0.319223 0.06986
      vertex -0.355225 -0.347679 0.0541714
      vertex -0.302659 -0.387686 0.0899815
      vertex -0.263249 -0.377608 0.195224
      vertex -0.355225 -0.347679 0.0541714
      vertex -0.37844 -0.319223 0.06986
      vertex -0.389757 -0.313147 -0.00533583
  facet normal 70.7706 70.6508 0.235221
  facet normal 70.8433 70.5781 0.165329
  facet normal 70.571 70.8504 0.153228
  facet normal 70.571 70.8504 0.153228
  facet normal 70.8682 70.5532 0.113498
  facet normal 70.8682 70.5532 0.113498
  facet normal 70.5484 70.8729 0.0992877
  facet normal 70.8874 70.534 -0.00785171
  facet normal 70.5347 70.8867 -0.0235261
  facet normal 70.8628 70.5585 -0.12726
  facet normal 70.8628 70.5585 -0.12726
  facet normal 70.5645 70.8569 -0.140521
  facet normal 70.5645 70.8569 -0.140521
  facet normal 70.5645 70.8569 -0.140521
  facet normal 70.8007 70.6207 -0.215185
  facet normal 70.8007 70.6207 -0.215185
  facet normal 70.8007 70.6207 -0.215185
  facet normal 70.8007 70.6207 -0.215185
  facet normal 70.6304 70.7909 -0.222751
  facet normal 70.76 70.6614 -0.240073
  facet normal 70.76 70.6614 -0.240073
  facet normal 70.6721 70.7492 -0.243979
  facet normal 70.7162 70.7051 -0.249876
  facet normal 70.8682 70.5532 0.113498
  facet normal 70.8682 70.5532 0.113498
  facet normal 70.8832 70.5382 0.0545363
  facet normal 70.8832 70.5382 0.0545363
  facet normal 70.8874 70.534 -0.00785171
  facet normal 70.8007 70.6207 -0.215185
  facet normal 70.8874 70.534 -0.00785171
  facet normal 70.8007 70.6207 -0.215185
  facet normal 70.8804 70.5409 -0.0697476
  facet normal 70.76 70.6614 -0.240073
  facet normal 70.8804 70.5409 -0.0697476
  facet normal 70.76 70.6614 -0.240073
  facet normal 70.76 70.6614 -0.240073
  facet normal 70.8628 70.5585 -0.12726
  facet normal 70.8628 70.5585 -0.12726
  facet normal 70.7162 70.7051 -0.249876
  facet normal 70.7162 70.7051 -0.249876
  facet normal 70.8357 70.5857 -0.176776
  facet normal 70.8357 70.5857 -0.176776
  facet normal 70.6721 70.7492 -0.243979
  facet normal 70.6721 70.7492 -0.243979
  facet normal 70.6304 70.7909 -0.222751
  facet normal 70.6304 70.7909 -0.222751
  facet normal 70.5938 70.8276 -0.187528
  facet normal 70.5938 70.8276 -0.187528
  facet normal 70.5645 70.8569 -0.140521
  facet normal 70.5645 70.8569 -0.140521
  facet normal 70.5444 70.877 -0.0846838
  facet normal 70.5444 70.877 -0.0846838
  facet normal 70.5347 70.8867 -0.0235261
  facet normal 70.5347 70.8867 -0.0235261
  facet normal 70.5361 70.8853 0.0391094
  facet normal 70.5361 70.8853 0.0391094
  facet normal 70.5484 70.8729 0.0992877
  facet normal 70.571 70.8504 0.153228
  facet normal 70.571 70.8504 0.153228
  facet normal 70.6023 70.819 0.197539
  facet normal 70.6023 70.819 0.197539
  facet normal 70.6405 70.7809 0.229439
  facet normal 70.6405 70.7809 0.229439
  facet normal 70.683 70.7383 0.246922
  facet normal 70.683 70.7383 0.246922
  facet normal 70.7273 70.694 0.248891
  facet normal 70.7273 70.694 0.248891
  facet normal 70.7706 70.6508 0.235221
  facet normal 70.7706 70.6508 0.235221
  facet normal 70.81 70.6113 0.206771
  facet normal 70.81 70.6113 0.206771
  facet normal 70.8433 70.5781 0.165329
  facet normal 70.8433 70.5781 0.165329
  facet normal 0.396173 0.216199 -0.215185
  facet normal 0.355506 0.256867 -0.240073
  facet normal 0.458345 0.154027 -0.127261
  facet normal 0.431186 0.181186 -0.176777
  facet normal -0.263249 -0.377608 -0.195224
  facet normal -0.157162 -0.297358 -0.369971
  facet normal 0.0944908 -0.277504 -0.405047
  facet normal 0.0944908 -0.277504 -0.405047
  facet normal -0.0380832 -0.14493 -0.477016
  facet normal -0.0380832 -0.14493 -0.477016
  facet normal -0.0380832 -0.14493 -0.477016
  facet normal -0.0380832 -0.14493 -0.477016
  facet normal -0.418771 -0.0357489 -0.270837
  facet normal -0.418771 -0.0357489 -0.270837
  facet normal -0.179895 -0.00311819 -0.466506
  facet normal 0.186171 -0.0633832 -0.459699
  facet normal 0.186171 -0.0633832 -0.459699
  facet normal 0.186171 -0.0633832 -0.459699
  facet normal -0.306424 0.12341 -0.375332
  facet normal -0.306424 0.12341 -0.375332
  facet normal 0.0431713 0.0796163 -0.491728
  facet normal 0.0431713 0.0796163 -0.491728
  facet normal -0.395791 0.212778 -0.21926
  facet normal -0.395791 0.212778 -0.21926
  facet normal 0.352618 0.0529612 -0.350508
  facet normal 0.352618 0.0529612 -0.350508
  facet normal 0.352618 0.0529612 -0.350508
  facet normal -0.0966777 0.219465 -0.438735
  facet normal -0.0966777 0.219465 -0.438735
  facet normal -0.418771 -0.0357489 0.270837
  facet normal -0.418771 -0.0357489 0.270837
  facet normal -0.432545 0.249531 -0.0252762
  facet normal -0.432545 0.249531 -0.0252762
  facet normal 0.220276 0.185303 -0.408829
  facet normal 0.220276 0.185303 -0.408829
  facet normal 0.220276 0.185303 -0.408829
  facet normal 0.220276 0.185303 -0.408829
  facet normal 0.220276 0.185303 -0.408829
  facet normal -0.209194 0.331982 -0.30988
  facet normal -0.209194 0.331982 -0.30988
  facet normal -0.410331 0.227317 0.173079
  facet normal -0.410331 0.227317 0.173079
  facet normal -0.274924 0.397712 -0.127443
  facet normal -0.274924 0.397712 -0.127443
  facet normal 0.0839287 0.321651 -0.373492
  facet normal 0.0839287 0.321651 -0.373492
  facet normal 0.0839287 0.321651 -0.373492
  facet normal 0.0839287 0.321651 -0.373492
  facet normal 0.0839287 0.321651 -0.373492
  facet normal -0.332988 0.149975 0.341506
  facet normal -0.282502 0.405289 0.0770287
  facet normal -0.282502 0.405289 0.0770287
  facet normal -0.0251898 0.430769 -0.252593
  facet normal -0.0251898 0.430769 -0.252593
  facet normal -0.0251898 0.430769 -0.252593
  facet normal -0.0251898 0.430769 -0.252593
  facet normal -0.0251898 0.430769 -0.252593
  facet normal -0.0251898 0.430769 -0.252593
  facet normal -0.213892 0.0308783 0.450885
  facet normal -0.213892 0.0308783 0.450885
  facet normal -0.0357489 -0.418771 0.270837
  facet normal -0.0357489 -0.418771 0.270837
  facet normal -0.230617 0.353404 0.268182
  facet normal -0.230617 0.353404 0.268182
  facet normal -0.0820803 0.48766 -0.0738276
  facet normal -0.0820803 0.48766 -0.0738276
  facet normal -0.0820803 0.48766 -0.0738276
  facet normal -0.0820803 0.48766 -0.0738276
  facet normal -0.0820803 0.48766 -0.0738276
  facet normal -0.0736337 -0.10938 0.482301
  facet normal -0.0736337 -0.10938 0.482301
  facet normal -0.182384 -0.458473 -0.080864
  facet normal -0.182384 -0.458473 -0.080864
  facet normal -0.12824 0.251027 0.412965
  facet normal -0.12824 0.251027 0.412965
  facet normal 0.0635338 -0.246547 0.430323
  facet normal 0.0635338 -0.246547 0.430323
  facet normal -0.0737108 0.47929 0.121851
  facet normal -0.0737108 0.47929 0.121851
  facet normal -0.0737108 0.47929 0.121851
  facet normal -0.0737108 0.47929 0.121851
  facet normal -0.0737108 0.47929 0.121851
  facet normal 0.00692634 0.115861 0.486342
  facet normal 0.00692634 0.115861 0.486342
  facet normal 0.173893 -0.356907 0.303939
  facet normal 0.173893 -0.356907 0.303939
  facet normal 0.0343491 -0.488869 -0.0991335
  facet normal 0.0343491 -0.488869 -0.0991335
  facet normal -0.00199826 0.407578 0.289614
  facet normal -0.00199826 0.407578 0.289614
  facet normal -0.00199826 0.407578 0.289614
  facet normal -0.00199826 0.407578 0.289614
  facet normal 0.15151 -0.0287222 0.475625
  facet normal 0.15151 -0.0287222 0.475625
  facet normal 0.238363 -0.421376 0.125
  facet normal 0.116628 0.288951 0.391031
  facet normal 0.116628 0.288951 0.391031
  facet normal 0.116628 0.288951 0.391031
  facet normal 0.116628 0.288951 0.391031
  facet normal 0.116628 0.288951 0.391031
  facet normal 0.280512 -0.157724 0.382669
  facet normal 0.280512 -0.157724 0.382669
  facet normal 0.245795 -0.428808 -0.0755522
  facet normal 0.245795 -0.428808 -0.0755522
  facet normal 0.245795 -0.428808 -0.0755522
  facet normal 0.254994 0.150586 0.402867
  facet normal 0.254994 0.150586 0.402867
  facet normal 0.254994 0.150586 0.402867
  facet normal 0.254994 0.150586 0.402867
  facet normal 0.254994 0.150586 0.402867
  facet normal 0.371626 -0.248839 0.223547
  facet normal 0.371626 -0.248839 0.223547
  facet normal 0.194905 -0.377918 -0.26304
  facet normal 0.194905 -0.377918 -0.26304
  facet normal 0.194905 -0.377918 -0.26304
  facet normal 0.194905 -0.377918 -0.26304
  facet normal 0.409098 -0.286311 0.0257705
  facet normal 0.409098 -0.286311 0.0257705
  facet normal 0.3814 0.0241792 0.322412
  facet normal 0.3814 0.0241792 0.322412
  facet normal 0.3814 0.0241792 0.322412
  facet normal 0.3814 0.0241792 0.322412
  facet normal 0.3814 0.0241792 0.322412
  facet normal 0.3814 0.0241792 0.322412
  facet normal 0.38645 -0.263662 -0.176461
  facet normal 0.38645 -0.263662 -0.176461
  facet normal 0.38645 -0.263662 -0.176461
  facet normal 0.38645 -0.263662 -0.176461
  facet normal 0.466889 -0.0613093 0.168095
  facet normal 0.466889 -0.0613093 0.168095
  facet normal 0.466889 -0.0613093 0.168095
  facet normal 0.466889 -0.0613093 0.168095
  facet normal 0.466889 -0.0613093 0.168095
  facet normal 0.491875 -0.0862958 -0.0247296
  facet normal 0.491875 -0.0862958 -0.0247296
  facet normal 0.491875 -0.0862958 -0.0247296
  facet normal 0.491875 -0.0862958 -0.0247296
  facet normal 0.491875 -0.0862958 -0.0247296
  facet normal 0.450636 -0.0450568 -0.211889
  facet normal 0.450636 -0.0450568 -0.211889
  facet normal 0.450636 -0.0450568 -0.211889
  facet normal 0.450636 -0.0450568 -0.211889
  facet normal 0.450636 -0.0450568 -0.211889
  facet normal -0.330244 -0.360101 -0.10614
  facet normal -0.330244 -0.360101 -0.10614
  facet normal -0.360101 -0.330244 -0.10614
  facet normal -0.360101 -0.330244 -0.10614
  facet normal -0.387686 -0.302659 -0.0899815
  facet normal -0.387686 -0.302659 -0.0899815
  facet normal -0.266416 -0.29457 -0.303729
  facet normal -0.266416 -0.29457 -0.303729
  facet normal -0.266416 -0.29457 -0.303729
  facet normal -0.266416 -0.29457 -0.303729
  facet normal -0.266416 -0.29457 -0.303729
  facet normal -0.266416 -0.29457 -0.303729
  facet normal -0.495262 -0.065724 -0.0199079
  facet normal -0.495262 -0.065724 -0.0199079
  facet normal -0.495262 -0.065724 -0.0199079
  facet normal -0.495262 -0.065724 -0.0199079
  facet normal -0.495262 -0.065724 -0.0199079
  facet normal -0.29457 -0.266416 0.303729
  facet normal -0.29457 -0.266416 0.303729
  facet normal -0.29457 -0.266416 0.303729
  facet normal -0.29457 -0.266416 0.303729
  facet normal -0.29457 -0.266416 0.303729
  facet normal -0.281546 -0.408799 0.0601232
  facet normal -0.281546 -0.408799 0.0601232
  facet normal -0.27012 -0.420225 0.0211121
  facet normal -0.27012 -0.420225 -0.0211121
  facet normal -0.27012 -0.420225 -0.0211121
  facet normal -0.27012 -0.420225 -0.0211121
  facet normal -0.27012 -0.420225 -0.0211121
  facet normal -0.065724 -0.495262 0.0199079
  facet normal -0.065724 -0.495262 0.0199079
  facet normal -0.065724 -0.495262 0.0199079
  facet normal -0.065724 -0.495262 0.0199079
  facet normal -0.065724 -0.495262 0.0199079
  facet normal -0.347679 -0.355225 -0.0541715
  facet normal -0.347679 -0.355225 -0.0541715
  facet normal -0.347679 -0.355225 -0.0541715
  facet normal -0.397162 -0.30248 -0.0277313
  facet normal -0.389757 -0.313147 -0.00533583
  facet normal -0.389757 -0.313147 -0.00533583
  facet normal -0.443543 -0.226038 -0.0466542
  facet normal -0.443543 -0.226038 -0.0466542
  facet normal -0.443543 -0.226038 -0.0466542
  facet normal -0.443543 -0.226038 -0.0466542
  facet normal -0.443543 -0.226038 -0.0466542
  facet normal -0.408799 -0.281546 0.0601232
  facet normal -0.408799 -0.281546 0.0601232
  facet normal -0.36778 -0.301801 0.153799
  facet normal -0.313147 -0.389757 0.00533582
  facet normal -0.313147 -0.389757 0.00533582
  facet normal -0.313147 -0.389757 -0.00533583
  facet normal -0.313147 -0.389757 -0.00533583
  facet normal -0.313147 -0.389757 -0.00533583
  facet normal -0.313147 -0.389757 -0.00533583
  facet normal -0.37844 -0.319223 0.06986
  facet normal -0.37844 -0.319223 0.06986
  facet normal -0.37844 -0.319223 0.06986
  facet normal -0.355225 -0.347679 0.0541714
  facet normal -0.355225 -0.347679 0.0541714
  facet normal -0.355225 -0.347679 0.0541714
  facet normal -0.355225 -0.347679 0.0541714
  facet normal -0.355225 -0.347679 0.0541714
  facet normal -0.355225 -0.347679 0.0541714
  facet normal -0.355225 -0.347679 0.0541714